600432166
600432200
600432221
600432223
600432232
600432247
600432277
600432318
600432327
600432330
600432426
600432448
600432456
600432493
600432504
600432539
800000709
600432579
600432608
600432617
600432637
600432751
600432814
600432818
600432844
600432860
600432941
600432952
600432999
600433013
600433049
600433067
600433107
600433215
600433282
600433381
600433429
600433434
600433488
600433490
600433490
600433498
600433514
600433584
600433604
600433669
600433695
600433769
800000758
600433799
800000769
600434059
600434064
600434092
600434121
600434144
600434202
600434217
600434229
600434232
600434254
600436588
600436589
600436590
800000801
600436591
600436592
600436593
600436594
600436595
600436596
600436597
600436598
600436599
600436600
600436601
600437428
600437434
600437439
600437443
600437445
600437449
600437451
600437452
800000808
600437454
600437474
600437480
600437484
600437492
600437505
600437517
600437520
600437537
600437539
600437542
600437545
600437547
600437548
600437551
600437552
600437560
600437561
600437562
800000815
600437568
600437569
600437570
600437571
600437573
600437574
600437578
600437579
600437586
600437588
600437596
600437607
600437613
600437615
600437617
600437618
600437625
600437633
600437635
600437636
600437637
600437643
600437646
600437648
600437650
600437654
600437658
600437660
800000820
600437667
600437672
600437681
600437682
600437683
600437684
600437685
600437686
800000822
600437692
800000823
600437699
600437700
600437701
600437703
600437709
600437710
800000828
600437719
600437723
600437725
800000829
600437728
600437729
600437732
600437741
600437746
800000833
800000835
600437753
600437759
600437762
600437771
600437773
600437774
600437775
600437776
600437782
600437785
600437790
800000837
600437797
800000838
600437800
600437801
600437803
600437804
600437805
600437813
600437815
600437819
600437824
600437825
600437826
600437828
600437828
800000839
600437834
600437841
600437842
600437844
600437848
600437850
600437852
600437853
600437859
600437863
600437877
600437882
600437888
600437889
600437891
600437892
600437897
600437900
600437903
600437905
600437907
600437911
600437919
600437928
600437934
600437937
600437945
600437946
800000845
600437950
600437955
600437958
600437962
600437963
600437968
800000846
600437990
600437991
600437994
600437996
600438008
600438010
600438031
600438032
600438034
600438035
600438036
600438038
600438040
600438045
600438047
600438049
600438053
800000850
600438060
600438064
600438065
600438074
600438075
600438079
600438088
600438093
600438099
600438100
600438108
600438112
600438116
600438119
600438125
600438126
600438127
600438128
600438130
600438131
600438137
600438138
600438139
800000854
600438146
600438149
600438154
600438158
600438159
600438161
600438164
600438172
600438174
600438175
600438179
600438179
600438181
600438187
600438188
600438192
600438199
600438201
600438203
600438204
600438208
600438209
600438215
600438216
800000857
600438218
600438230
600438231
600438234
600438263
600438271
600438272
600438274
600438278
600438282
600438284
600438302
600438318
800000862
800000863
600438330
600438334
600438338
600438341
600438346
600438352
600438356
600438364
600438365
600438368
600438369
600438376
600438380
600438387
600438389
600438390
600438391
600438393
600438400
600438403
600438405
600438406
600438411
600438414
600438415
600438417
600438417
600438430
600438431
600438435
600438435
3617956
600438452
600438453
600438457
600438458
600438459
600438461
600438464
600438469
600438472
600438474
600438475
600438477
600438478
600438480
600438482
600438492
600438496
600438502
600438507
600438509
600438515
600438525
600438526
600438531
600438537
600438542
600438548
600438559
600438566
600438568
600438572
600438580
600438585
600438586
600438590
600438592
600438595
600438598
600438600
600438601
800000872
600442006
600442105
600442189
600442031
600441965
600442243
600441918
600442001
600441964
600442100
600442057
600442145
600442268
600442103
600441940
600442167
600441898
600442141
800000999
800000999
600442166
600442269
600442041
600442009
600442242
600441941
600442232
600442273
600442074
600441899
600442157
800001005
600442227
600442000
600442219
600442035
600442075
600441948
600441956
600442062
600441960
800001021
600442076
600442156
600442148
600442060
600441920
600441999
600442087
600442133
600441896
600442084
600442191
600442025
800001006
600442102
600442205
600442040
600442118
600442271
600442149
600442263
600442204
600442079
600442270
600442053
600442059
600442237
600441937
600441916
600442212
600441897
600442214
600442206
600442183
600442226
600441902
600441910
600442070
600441975
600441955
600441932
600441914
600441913
600442272
600442055
600441911
600442253
600442286
600442027
600442020
600442151
600442013
600442235
600442023
600441923
600442278
600442082
600441980
600442241
600442124
600442097
600442037
600442036
600441922
600442192
600442230
600442064
600441939
800001007
600442240
600442080
600442011
600442010
600442198
600442120
600442234
800001013
600441912
600442121
600441984
600442146
600442125
600442092
600442258
600442257
600442109
600441974
600442164
600442239
600442015
600441985
600442193
600441946
600442071
600442085
600442085
600441942
600442077
800001015
600441990
600441994
600441951
600442282
600442091
600442002
600441993
600442081
600441972
600442250
600442267
600442113
600442018
600442195
600442174
600441928
600442169
600442029
600441957
600441966
600442181
600442252
600441967
600442208
600442003
600441933
600442280
600442220
600442160
600442083
600442209
600442154
600442150
600442224
600442251
600442056
600442223
600442115
600442127
600442245
800001014
600442052
600442044
600441925
600442196
800001027
600442238
600442032
600442033
600442285
600442281
600442130
600442117
600442098
600441915
600441968
600441904
600442207
600442134
600442185
600441988
600441998
600442260
600442215
600442163
600442030
600441909
600442173
600442158
600442165
600441900
600442004
600442236
600442058
600442073
600442200
600442200
600442078
600442275
600442182
600442019
600442171
600442194
600441929
600442049
600442152
800001023
600441894
600442244
600442264
800001000
600442283
600442255
600441926
600442246
600442168
600442176
600442046
600442110
600442203
600441986
600442108
800001004
800001012
600442042
600442199
600442202
600442021
600442022
600441903
600441959
600441973
600442155
600442266
600442247
600442279
600442210
600442067
600441978
600442186
600442217
600442028
600441927
600442175
600442274
600442248
600442170
600441958
600441938
600442144
800001001
600442111
600442012
600441963
600441962
600442262
600442229
800001016
800001016
600442094
600442188
600441979
600442129
600441921
600442162
600442153
600442051
600442143
800001003
600441895
600442048
600442211
600442222
600442161
600442161
600442047
600442066
600441991
600442184
600442093
600442201
800001008
600442063
800001010
600441971
600441989
600442014
600441924
600441976
600442050
600440966
600440632
800000978
600440041
600440694
600441031
600440617
600440434
600440726
600440912
600441124
600440813
600440162
600440133
600440237
800000959
800000965
600440020
600440671
600440081
600440534
600440534
600440307
600440193
600440189
600440852
600440214
600440500
600440158
600441127
600440122
600440490
600440220
600440710
600440359
600440025
800000989
600441189
600440325
600440005
600440037
600440076
600440826
600440586
600440821
600440842
600440541
600441121
600441121
600440760
600441047
600440834
600440018
600440018
600440977
600438657
600439646
600439356
600439484
600438872
600438652
600439869
600438851
600439843
600439265
600441919
600439743
600439491
600441947
600439619
600438677
600439146
600439870
600439723
600439908
600438925
600439328
600441949
800001024
600441977
600441992
600438882
600438797
600438942
600439542
600439819
600438834
600438988
600439519
600439360
600438997
600438878
600439530
600439866
600439392
600439049
600438762
600439371
600439832
800000897
600439605
600438830
600439032
600439556
600439507
600438784
600438962
800000904
600438699
600439499
600439321
600439650
600439850
600439850
600439659
600439659
600438703
600438860
600439313
600439713
600439647
600438687
600439894
800000872
600438736
600438635
600438653
600438653
800000909
600439759
600439274
600438642
600439174
600438714
600438897
600438897
600439079
600439170
600439480
600439480
600439002
600439408
600439557
600439247
600439155
600439563
600438977
800000879
600438680
600439120
800000895
600439380
600438924
600439846
600438724
600438808
600439588
600439479
600439679
600439301
600439630
600439623
600439004
600438941
600438920
600438785
600439847
600439847
600439699
600439224
600439570
600438846
600439662
600438742
800000887
600439911
600439642
600438701
600439618
600439437
600439779
600439677
800000878
600439134
600439348
600439348
600439348
600439579
600439657
600439773
600439199
600439830
600439176
600439176
600439041
600439741
600439501
600442277
800001018
600442197
600439253
600438909
600439426
800000899
600439346
600439595
600439194
600438713
600438706
600439074
600439512
600439282
600438733
600438789
600439287
600439609
600439316
600438629
600438816
600439648
600439638
600439538
600438957
600439845
600438911
600442068
600438818
600439764
600439798
600439607
600438692
600439481
600439918
600439486
600439428
600439396
600438649
600439166
600439720
600439836
600439024
600439731
600438845
600441970
600439405
600439114
600439912
600438812
600438753
600439483
600438621
600439072
600438631
600439576
600439877
600438868
600439737
600439787
600439443
600442038
600439465
600439814
600439885
600442136
600438970
600439629
600439634
600439700
600439710
600441950
600438905
600438866
600438624
600438729
600439063
600439065
600439540
600441931
600438638
600438638
600438638
800001019
600438758
600439283
600439159
600439893
600442216
600441952
600441952
600439631
600439784
600438685
600439008
600439452
600439452
600439452
600439452
600439668
600439685
600438620
600439460
600438676
600438690
600438630
600439406
600438992
600438886
600438964
600439666
600439666
600438725
600439461
600439240
600439786
600439909
600439225
600438847
600439303
600438727
600439802
600439768
600438615
600438732
600438804
600439812
800001022
600438609
600438609
600439868
600438749
600438984
600439080
600438899
600438745
600439057
600439056
600441953
600442218
600439854
600439703
600438741
600439910
600439490
600439864
600438842
600439055
600439182
600439350
600439306
600439788
600438918
600439144
600438953
600439289
600439652
600439783
600439535
600439132
600441930
600441917
600442096
600442139
600439597
600439416
600439541
800000885
600439315
600439102
600439537
600438922
600439474
600439625
600438715
600439735
600438820
600439730
600439730
600439730
600439573
600439509
600439370
600438632
600439823
600439849
600439753
600439446
600439275
600438978
600439462
600438800
600439203
600438858
600439347
600439790
600439747
600439256
600439000
600439000
600439727
600439403
600438651
600439488
600438626
600439061
600438914
600439577
600439468
600439552
600438896
800000917
600439554
600438821
600442142
800001009
600439797
600438662
600439671
600438815
600439508
600439015
600439089
600439485
600442069
600439112
600439029
600438754
600439917
600441945
800000874
600438991
600438831
600439378
600438780
600439526
600439645
600439419
600439594
600439569
600438923
600439042
600439349
600439212
600439212
600439749
600439834
600439027
600438623
600439422
600439422
600438734
600438875
600439636
600439100
600439447
600443094
600442904
600444115
600444055
600443882
600443518
600444127
600444127
600443728
600442877
600443452
600443074
600443337
600443465
600444029
600442545
600443534
600443585
600443994
600443970
600442860
600443869
600442446
600442667
600443579
600443969
600443698
600443744
600442901
600442836
600442508
600443709
600443313
600442973
600442694
600442425
600443960
600443960
800001101
600442696
600443714
600442350
600443616
600442392
600443186
600443824
600442621
600442415
600442796
600442796
600442348
600442793
600444064
600443177
600443719
600442797
600443999
600442809
800001085
600442431
600444140
600443427
600442313
600443005
600443532
600444039
600442513
600442914
600442620
600443469
600443400
600443149
600443149
600442960
600442720
600443926
600443866
600442325
600443621
600443742
600443386
600443381
600444134
600442399
600443588
600443081
600442940
600442583
600442331
600443753
600443295
600442731
600443729
600443010
800001067
600442727
600442567
600443629
600442775
600444036
600443981
600442551
600443439
600442429
600442790
800001108
600443642
600444044
600442465
600443903
600443831
600443113
600443394
600442821
600443286
600443127
600443477
600442664
600442722
600442464
600443823
600443491
600442992
600443055
600443849
600442861
600442459
600442612
600442441
600443574
600443300
800001091
600443584
600443274
600443842
600442792
600443212
600443382
600442391
600442315
600443648
600443639
600442564
600443647
600443582
800001037
600443460
600442633
600442571
600442928
600442396
600442560
600443602
600442364
600443006
600443035
600443035
600443684
600442737
600443031
600442437
600443918
600443420
600443329
600442405
600443450
600442834
600442584
600442735
600443039
600442762
600442941
600443057
600442406
600443453
600443625
600442903
600444072
600443965
600442467
600442519
600443336
600443710
600443431
600444102
600442447
600442977
800001065
600442721
600442314
600443515
600442707
600443665
600443208
600442943
600442943
600443257
600443797
600443438
600442566
600443837
600442518
600443723
600442504
600442674
600443312
600443610
600442968
600443004
800001057
600442528
600444037
600442602
600443147
600443735
600442505
600442823
600442936
600444155
600443466
600442492
600443789
600442831
600444101
600443637
600442802
800001039
600443119
600443805
600442299
600443717
600443262
600442915
600443488
600443051
600443772
600443920
600443468
600443693
600444000
600443256
600443365
600443661
600443812
600442718
600444124
600442890
600442332
600442841
600443328
600443843
600442716
600443720
600443544
600442605
600442891
600442970
600443859
600443771
600443236
600442832
600443235
600442486
600443604
600443854
600442950
600442865
600442373
600443556
600443586
600442777
600443493
600442287
600443418
600443417
600443828
600444075
600443901
600444062
600443856
600442839
600444050
600443836
600443758
600443663
600443868
600443350
600442653
600443810
600442758
600443228
600443422
600443008
600443609
600443819
600442770
600443451
600443294
600443923
600442902
600442911
600442589
600443353
600443601
600442948
600442641
600443151
800001113
600442488
600442993
600443459
600443670
600444078
600442749
600442607
600443320
600442753
600443392
600443904
600442989
600443135
600444069
600442999
600443356
600442611
600442610
600443913
600442333
600442436
600442420
600443270
600443799
600444120
600443829
600443570
600442473
600442665
600442491
600443080
600443510
600442864
600442872
600443155
600442414
600443571
600443737
600443820
600442801
800001036
600443073
600443106
800001078
600442521
600442709
800001074
600444099
600442461
600443205
600442520
600442955
600443362
600443851
600442853
600442298
600442771
600442692
600443209
600442460
600442387
600442634
600443961
600442881
600442531
600442678
600443120
600442409
600443987
600443925
600443773
600443529
600443474
600443223
600443185
600443501
600442537
600443154
600442643
800001083
800001096
600443662
600442483
600443060
600443391
600442443
600444033
600442772
600443540
600443806
600443374
600444065
600442317
600443895
600443296
600442987
600442686
600442407
600442814
600442370
600443891
600443936
600444042
600443161
600444117
600443324
600443796
600443194
600442295
600443195
600444026
600442700
600443746
600443683
600443125
600442547
600443132
600442477
800001048
600443871
600443259
600443983
600444114
600442617
800001092
600444020
600443284
600442662
600442570
600442723
600442644
600444137
600444138
600443407
600443237
600442525
600443731
600442468
600442676
600444070
600443972
600443159
600442712
600442586
600443221
600442896
600443786
800001081
600442626
600443421
600442377
600442448
600443024
600442857
600442312
600444074
600444006
600443332
600442316
600443230
800001104
800001105
600444086
600442804
600443117
600443957
600442638
600442791
600443841
600443910
600442340
600443917
600443322
600442472
600443406
600442846
600443608
600443922
600442859
600443301
600443002
800001049
600443042
800001051
800001117
600443705
600443014
600443635
600442747
600442854
600444004
600443437
600442658
600442430
600442812
600442435
600443385
600443424
600443666
600442300
600443790
600442879
600443845
600443276
600443325
800001044
600442769
600442511
600443133
600443875
600443128
600443736
600444031
600442506
600442307
600442597
600443017
600443118
600443179
600443645
600443825
800001116
600442944
600444030
600443077
600443543
600442894
600442628
600443726
600443958
800001070
600444092
800001069
600442354
600443358
600443224
600442906
600442921
600443020
600443979
600443567
600442820
600443973
600443071
600443885
800001120
600444153
600442969
600443222
600443144
600443502
600442746
600443148
600442385
800001046
600443181
600444121
600442829
600443658
600443462
600443978
600443096
600443578
600443660
600443027
600443266
600443702
600442362
800001034
600444091
600442600
600443479
600443318
600444108
600442423
600443760
600443263
600443927
600443187
600443971
600442794
600442386
600442726
600444106
600444023
600442962
600443220
600442421
600443104
600442576
600442319
3596927
3596928
600443759
600442424
600443404
600442805
600442703
600444141
600442328
600444098
600442339
600442395
600442616
600442615
600443368
800001047
600443367
600443722
600443134
600444013
600442788
600442382
600444118
600442930
600443581
600443092
600443947
600443752
600443054
600443423
600443630
600443533
600442937
600443326
600442360
600442336
600443697
600443546
600443794
600442742
600442687
600443473
600444126
600442288
600443316
600443997
600443679
600443531
600443732
600442732
600443623
600443196
600442843
600443180
600444104
600443563
600443481
600442575
600443887
600443213
600443777
600443021
600443498
600442578
600443357
600444054
600443672
600443906
600442608
600443526
600443052
600442606
600443482
600443482
600442695
600442642
600442294
600442509
600442614
600443933
600442305
600443953
600443061
600442434
600443226
600442957
600442980
600442856
600442601
600442728
600442561
600442899
600443909
600443170
600443383
600443441
600442725
800001111
600443858
600443435
600443677
600442910
600443056
600443056
600442971
600443068
600443788
600443470
600443470
600443692
600442444
800001031
600443564
800001112
600444035
600444145
600443517
600444111
600444088
600443551
600442550
600444084
600443402
600443402
600442783
600442374
600442818
600444056
600443654
600443704
600443754
600443959
600442886
600444049
600443651
600443686
600442866
600442438
600442824
600442292
600442935
800001099
600442534
600442925
600442363
600443273
600444112
600443457
600442588
600442713
600442609
600443747
600442858
600443327
600442983
600442690
600443287
600442526
600443345
600442744
600444128
600444089
600444109
600442372
600443525
600443082
800001086
600442290
600443865
600443028
600443219
600443568
600443315
600443787
600443815
600442782
600443253
600444096
600442393
600443293
600443929
800001050
600442799
600443411
600443211
600443555
600442739
600442311
600443265
600443062
600443278
600442481
600444149
600442554
800001053
600442582
600442828
600444045
600442677
600442618
600442585
600444053
600442967
600443167
600442988
600443695
600443558
600443297
600443126
600442842
600443650
600442471
600444022
600442341
600444008
600443878
600444060
600443614
600443281
600443398
600443638
600443111
600443267
600442631
600443573
600442870
600443446
800001087
600442580
600442349
600444007
600443703
600443397
600443309
600443804
600444095
600442355
600443023
600443898
600444041
600443225
600443433
600443137
600443269
600444027
600442661
600442659
600443065
600442573
600442442
600443690
600442603
600443680
600443048
600442810
600443778
600442365
600443361
600443715
600443319
600442675
600443509
600443029
600443171
600443968
600442963
600443303
800001098
600443414
600443879
600443121
600443122
800001042
600443817
600443656
600444009
600442595
600443521
600442655
600443557
600443548
600442451
600443153
600443516
600443516
600443494
600442875
600442351
600443780
600442681
600444110
600442479
600443924
600442656
600443678
600443046
600444090
600443985
600442289
800001068
600442800
600443834
600443232
600443622
600444059
600443594
600442885
600443607
600443886
600443900
600443934
600442408
600443874
600444028
600443040
600443136
600442966
600443378
600443846
600442345
600442487
600442855
600444125
600442730
600443587
600443832
600443292
600444123
600442536
600443708
600442367
600443943
600443896
600442482
600443915
600443774
600442898
600443873
600443484
600443508
600443931
600443298
600442512
600442456
600443793
600442637
600444133
600443685
600443861
600442440
600443822
600442781
600442569
600443366
800001071
600443750
600443412
600443246
600442515
600443499
600442813
600443317
600443696
600443522
600442306
600443116
600443472
600442851
600443599
800001032
600444066
600443641
600443766
600443883
600442763
600443830
600443449
600443669
600442710
600443455
600442593
600442452
600444113
600443636
600442310
600443280
600442719
600442590
600443471
600442757
600442663
600443507
600442416
600443827
600443130
600443749
600443087
600442604
600442498
800001076
600442369
600443445
600443833
600443244
600442581
600443520
600443210
600443590
800001055
600442296
600442714
600444017
600443853
600444156
600442672
600442648
600443956
600443956
600443756
600443881
600442629
800001043
600443275
800001089
600442787
600443975
600443173
600443552
600442530
600442493
600443390
600443492
600442338
600442868
600442660
800001066
600442798
600442688
600442532
600442427
600443908
600443908
600443676
600442543
600444130
600443146
600442745
600442384
600444116
600443409
600442555
600443311
600443428
600443688
600444040
600444024
600442949
600443612
600442817
600444100
600443495
600442647
600443991
600443912
600443596
600442627
800001100
600442724
600443818
600443218
600442869
600443097
600443615
600443617
600443085
600443415
600443247
600443107
600442669
600444032
600442984
600444081
600443838
600443115
600443784
600442402
600444012
600443880
600442548
600442485
600443593
600442361
600442371
600443941
600442830
600442840
600442668
600442668
600442923
600444058
600442309
600443033
800001041
600442938
600443176
600443231
600443977
600443932
800001040
600443889
600443164
800001114
600443497
600442942
600442337
600443547
600442544
600442544
600443536
600443271
600442358
600442990
600443613
600442417
800001082
600443870
600443371
600442556
600442334
600442884
600442760
600443988
600443775
600443110
600442321
600442736
600443673
600443911
600442622
600443233
800001102
600443321
600443036
600442848
600442304
600443740
600442933
600442964
600443706
600442671
600443569
600443372
800001062
600443935
600443527
600443577
600442852
600443730
600442815
600442789
600443359
600443727
600443634
600442422
600443305
600442953
600443620
600442952
600443193
600443011
600444052
600443776
600443700
600443745
600442991
600443272
600442887
600443603
600442816
600443643
600442850
600442825
600442558
600443203
600443724
600443088
600443050
600442682
600443038
600443738
600444079
600444105
600442871
600443069
600442559
600443803
600442379
600442403
600442563
600443182
600444132
600443699
600443591
600444068
600443652
600442494
600443779
600443323
600443302
600443514
800001119
600442297
600443354
600443681
600443785
600443188
600444018
600442909
600443204
600443893
600442701
600444107
800001033
600442646
600443877
600442445
600442838
600444144
600443102
600444143
600442974
800001054
600442673
600443768
600443207
600442400
600442596
600443478
600442591
600442734
600442982
600442768
600443483
600442454
600442357
600444080
600442381
600443384
600443739
800001095
600442322
600442450
600443808
600443583
600443792
600444147
600443707
600443015
600442324
600442320
600443393
600443624
600442956
600442912
600443053
600444043
600443967
600443949
600443346
600442845
600443657
600442501
600443628
600442847
600443711
600442741
600443373
600442784
600443261
600443598
600442874
600443562
600443592
600443214
600442565
600443288
600443755
600443019
600442795
600443172
600442755
600443811
600443022
600443631
600442318
800001063
600443541
600443743
600443291
600443364
600443279
600443189
600443363
600442929
600443007
600443375
600443202
800001073
600443112
600442697
600443741
800001030
600443072
600442418
600442410
600442375
600443862
600444093
600443763
600442729
600443408
600442383
600442490
800001080
600443403
600443718
600443530
600442474
600442411
600443395
600443748
600442426
600443528
600442889
600442640
600443864
600443059
600442546
600443199
600443762
600442463
600444097
600443000
600443503
600442684
600443537
600442691
600442412
600443157
600443513
600442947
600443342
600442978
600442557
600442390
600442705
600443165
600444025
600443757
600442500
600443976
600443990
600443852
600443659
600442807
600442394
600443043
600442808
600443554
800001088
600443227
600443814
600443240
600442619
600443198
600443995
600443066
600443899
600442954
600443942
600442873
600443376
800001035
600443166
600443001
600443410
600442497
600442733
600443940
600443045
600443998
600444151
600443429
600443229
600442432
600443370
600443644
600443691
600442453
600443801
600442835
600442507
600442958
600442785
600443848
800001093
600443467
600444071
600444048
600443175
600444015
600443379
600443032
600444047
600443084
600443430
600442693
600442918
600443413
600443184
600443938
600442356
600442552
800001061
600443764
600443632
600442639
600442826
600442496
600442803
600442388
600443190
600443992
600444016
600442458
600443443
600442897
600442756
600442624
600442343
600443090
600443234
600443343
600443791
600443093
600443041
600443012
600444142
600442516
600443123
600443109
600443109
600442359
600443653
600443447
600442689
600442959
600442645
600442766
600444011
600443150
600442636
600442549
600443129
600443952
600442765
600442765
600442765
600443454
600442499
600442811
600443401
600444038
600443572
600444152
600443928
600443340
600443664
600444148
600444057
600443078
800001084
600443314
600443506
800001075
600443487
600442880
600442598
600443264
600443099
800001115
600444103
600444103
600443535
600443535
600442368
600443241
600443524
600442985
600444034
600443712
600442708
600442931
600443243
600443282
600442625
600444122
600442670
600443565
600443966
600442951
600443141
800001059
600442774
600443063
600443561
600443561
600443839
600443954
600443937
600442876
600442502
600442308
600442326
800001109
600442495
600443989
600443426
600443426
600450519
800001132
600444711
600444897
600444804
600444933
600444766
600444895
600444475
600444510
600444191
600444556
600444448
600444338
800001150
600444277
600444878
800001134
600444376
600444813
600444583
600444461
600444296
600444869
600444238
600444654
600444235
600444660
600444581
600444581
600444527
600444198
600444364
600444276
600444928
600444953
800001133
600444204
600444447
600444414
600444414
600444650
600444764
600444614
600444406
600444627
600444263
600444439
600444197
600444757
600444912
600444365
600444362
600444684
600444230
600444294
600444762
600444552
600444551
600444388
600444585
600444586
600444535
600444730
600444729
600444611
600444491
600444290
600444602
600444523
600444857
600444857
600444184
600444752
600444264
600444446
600444389
600444248
800001144
600444396
600444676
600444196
600444506
600444717
600444717
600444292
800001148
600444275
600444158
600444819
600444265
600444249
800001124
600444286
600444309
600444630
600444708
600444605
600444384
600444746
600444159
600444900
600444618
600444332
600444208
600444306
600444864
600444692
600444719
600444192
600444622
600444415
600444284
600444637
600444190
600444194
600444913
600444413
600444731
600444303
600444833
600444449
600444672
600444502
600444195
600444578
600444836
600444179
600444902
600444422
600444393
600444241
600444854
600444715
600444927
600444850
600444704
600444244
600444831
600444670
600444438
600444771
600444377
600444395
600444947
600444550
600444483
600444867
600444861
600444686
600444811
600444723
600444847
600444283
600444166
600444682
600444473
600444756
600444665
600444212
600444501
600444939
600444559
600444688
600444542
600444843
600444856
600444775
600444495
800001147
600444791
600444659
600444621
600444504
600444693
600444952
600444638
600444570
600444211
600444270
600444515
600444601
600444450
600444741
600444575
600444597
600444722
600444472
600444832
600444713
600444432
600444742
600444441
600444525
600444524
600444589
600444490
600444695
600444392
600444653
600444882
600444444
600444182
600444421
600444214
600444690
800001131
600444705
600444642
600444768
600444188
600444656
600444315
600444769
600444930
600444425
600444225
600444538
600444929
600444789
600444187
600444805
600444667
600444922
600444613
600444738
600444893
600444520
600444358
600444558
600444160
600444814
600444921
600444317
600444385
600444720
600444884
600444480
600444488
600444763
600444747
600444808
600444849
600444499
600444937
600444186
600444278
600444852
600444788
600444202
800001135
800001126
600444176
600444632
600444285
600444803
600444470
600444536
600444541
600444540
600444498
600444678
800001123
600444609
600444616
600444703
600444271
600444844
600444250
600444445
600444445
600444445
600444710
600444424
600444651
600444436
600444469
600444497
600444647
600444647
600444932
600444767
600444434
600444380
600444737
600444363
600444569
600444842
600444210
600444293
600444958
600444793
800001128
600444701
600444308
600444785
600444481
600444162
600444245
600444229
600444874
600444259
600444463
600444639
600444938
600444759
600444177
600444957
600444185
600444361
600444361
600444485
600444545
600444689
600444890
600444313
600444312
600444824
600444886
600444812
600444411
600444865
600444519
800001146
600444533
600444679
600444517
600444340
600444479
600444591
600444355
600444181
600444181
600444390
600444587
600444829
600444508
600444289
600444344
600444500
600444193
600444410
600444584
600444322
600444841
600444342
600444634
600444262
600444199
600444740
600444714
600444698
600444161
600444725
600444233
600444316
600444873
800001125
600444875
600444923
600444918
600444918
600444838
600444721
600444165
600444547
600444748
600444221
600444217
600444885
600444224
600444876
600444822
600444353
600444594
600444391
600444904
600444567
600444712
600444697
600444580
600444571
600444776
600444858
600444685
600444279
600444279
600444620
600444464
600444935
600444382
600444412
600444350
600444282
600444266
600444669
600444942
600444268
600444664
600444219
600444606
600444367
600444521
600444830
600444728
600444896
600444915
600444297
600444871
600444899
600444242
600444817
600444218
600444387
600444917
600444946
600444267
600444457
600444261
600444226
600444505
600444607
600444458
600444781
600444906
600444227
600444576
600444636
600444916
600444734
800001130
600444644
600444745
600444782
600444343
600444802
600444174
600444403
600444409
600444437
600444437
600444949
600444302
600444795
600444835
600444920
600444549
600444253
600444645
600444484
600444826
600444615
600444696
600444231
600444898
600444298
600444398
600444699
600444809
800001129
600444629
600444564
600444314
600444269
600444468
600444223
600444280
600444509
600444724
600444417
600444339
600444546
600444251
600444319
600444347
600444170
600444894
600444418
600444635
600444430
600444624
600444914
600444604
600444773
600444608
600444239
600444625
600444588
600444790
600444487
600444787
600444603
600444892
600444216
600444471
600444565
600444370
600444673
600444256
600444220
600444755
600444478
600444919
600444919
600444821
600444862
600444330
600444232
600444203
600444420
600444189
600444674
600444732
600444305
600444726
800001142
600444325
600444335
600444950
600444646
600444435
600444593
600444940
600444452
600444573
600444213
600444493
600444404
600444557
600444333
800001127
600444429
600444753
600444648
800001145
600444707
600444866
600444423
600444489
600444408
600444401
600444336
600444427
600444522
600444428
600444554
600444801
600444801
600444801
600444397
600444341
800001122
600444178
600444243
600444426
600444553
600444168
600444700
600444827
600444820
600444668
600444440
600444318
600444955
600444931
600444518
600444326
600444772
600444513
600444694
600444167
600444582
600444345
600444234
600444901
600444329
600444310
600444394
600444369
600444372
600444846
600444359
600444924
600444354
600444399
600444383
600444778
800001149
600444288
600444735
600444870
600444806
600444201
600444507
600444675
600448672
600448421
600449770
800001384
600448483
600448232
600449857
600449465
600449741
600450023
600448445
600449913
600448550
600450450
600448775
600448424
600449737
600448250
800001400
600448557
600448054
800001307
600450503
600450315
600448864
600450507
600450474
600448083
600449892
600450293
600448234
600448092
600448568
600449493
600449630
600450078
600448314
600448315
600450096
600448694
600449009
600448433
600449090
600448776
600448044
600449062
600449690
600449609
600448516
600449504
600450121
600448480
600449329
600450085
600448398
600448991
600449984
800001285
600448168
600449230
600449803
600448559
600449371
600449526
600448934
600448479
600450150
600449065
600448899
600448504
600448845
600448846
600448187
600448712
600449992
600448196
600448196
600448257
600448720
600448636
800001355
800001310
600449166
600449826
600449000
600449598
600449214
600449516
600448249
600448308
600448718
600449563
600448987
800001390
600448288
600449145
600448415
600448049
600450051
600450084
600448252
600448738
600449714
600449029
800001261
600448495
600448725
600448745
600448051
800001388
600448630
600449057
600448427
600449889
600450004
600449965
600450125
600450125
600448852
600450490
600449382
600449051
600448797
600448682
600449758
600449495
600450062
600449252
600448330
600448389
600448857
600448081
600448137
600450071
600449831
600448063
600450100
600449242
600448380
600448124
600449124
600448661
600448215
600448385
600448632
600449647
600448660
600448914
800001298
600449417
600448649
600449071
600449584
600449426
600448241
600449119
600449842
600449817
600449612
600450113
600448248
600448355
800001156
600447010
600446306
600447172
600446663
600445315
600446978
600446947
800001248
600447014
600446009
600446674
800001221
600446867
600445978
600446710
600446939
600447060
600445650
800001136
600444599
600444883
600444911
600446313
600445157
600445110
600446883
600444328
600446909
600446509
600446172
600447093
600445836
600447013
600445485
600446068
600446625
600445611
600445912
600445984
600445171
600445729
600446809
600447156
600447064
600446943
600446458
600445368
600445960
600446075
600445615
600445796
600446569
600446835
600445287
800001249
600446180
600445506
600445899
600447129
600447150
600446272
600446272
600446985
600445446
600447032
600445999
600446776
600446588
600446968
600447175
600446293
600445825
600446831
600446243
600445833
600446421
600446482
600445852
600445872
600447238
600445358
600446537
600445562
600446875
600445140
600446475
600445493
600445698
800001209
600446150
600445513
600446165
800001201
600446278
600447214
600446464
600446342
600445973
600445921
600446767
600446843
600446536
600446452
800001195
800001244
600446190
600446294
600445538
600447094
800001243
600445709
600446551
600445622
600445875
600445502
600446227
600445378
600445834
600445313
600446252
600445460
600445373
600446562
600446763
600446763
800001169
600446292
600445545
600446514
600445524
600446296
600446698
600446388
600445366
600447140
800001251
600446414
600446014
600445551
600446356
600445141
600447182
600446636
600445771
600446613
600445296
800001218
600445441
600446259
600446980
600446923
600446573
600446564
600446564
600445350
600446738
600446709
600447221
600446122
600445418
600446265
600447119
600445137
600445916
600446003
600445840
600445830
600446601
600446840
600446387
600445291
600446983
600445557
600446369
800001151
800001161
600447084
600447084
600446457
600445991
600446459
600445772
600446880
600445540
600446488
600445699
600445289
600445988
600445887
600445850
600446646
600445471
600446490
600446619
600447036
600447194
600445945
600446319
600445609
600445985
600447251
600445761
600445798
600447046
600445913
600445419
600446137
600446281
600446054
600446132
600445651
600446210
600445175
600446053
600445939
600446574
600447224
600446325
600446779
600445648
600446073
600447196
600447196
600445928
600445121
600446098
600447026
600445153
600446063
600446784
600446784
600446050
600445124
600446936
600445655
600445744
600445170
600445337
600446891
600447033
600446832
600445139
600446385
600446504
600445777
600445924
600447062
600446747
800001246
600446907
600445379
600445398
600447110
600447154
600446374
600446008
600445974
600446986
600445975
600446653
600446661
600447265
600445393
600446353
600445804
600445726
600445113
600446379
600446084
600446850
600447056
600446447
600447254
600445600
600446015
600446512
600446301
600447111
600447105
600445129
600445461
600446611
600446833
600445942
600446264
600445503
600446141
600447059
600445778
600446077
600446799
600446185
600446549
600446026
600446023
600445656
600446102
600446024
800001167
600445133
600447073
600445138
600445779
600445184
600446371
600446927
600445705
600445857
600446899
600445390
600445463
600446996
600445817
600446934
600446605
600445708
800001205
600446682
600447133
600445560
600446890
600445412
600446332
600445530
600446056
600445454
600445116
600446366
600446762
600446244
600445409
600447239
600446662
600446255
600446857
600446987
600446275
600445993
600446581
600447107
600445880
600445179
600447199
600445672
600445735
600447118
600446007
600446864
800001214
600446199
600447130
600446420
600445859
600447055
600445309
600445738
600446441
600445570
800001204
800001204
600446736
600445275
600446851
600446425
600446081
600445620
600446723
600447050
600445935
600446432
600446690
600447103
600445527
600447218
600445568
600445511
600446714
600446556
600446556
600446585
600446759
600446352
600445967
800001154
600447015
600445760
600447262
600446205
600445115
600446175
600445790
600446800
600446491
600445601
600445930
600445998
600447057
600445789
600446758
600445810
600446802
600446839
800001196
600446998
600446200
600446554
600447212
600447177
600446320
600446591
600445598
600445505
600446351
600445166
600446099
600446099
600446959
600447038
600445958
600446365
600446094
600446592
600445937
600446901
600446143
600445842
600446741
600446120
600447109
600445466
600446637
600446910
600445758
600445889
600445267
600447230
600445136
600445711
600446367
600446247
600445340
600447101
600445892
600446022
600445347
600446659
600446670
600447233
600446505
600447173
600446626
600445661
600445514
600446348
600446818
600446478
600447001
600446218
600445152
600446148
600446552
600445719
600446229
600446492
600447181
600446328
600446284
600445732
600446011
600445940
600446887
600446933
600445444
600446757
600445120
600446915
600446249
600445596
600446061
600445878
600445434
600446606
600446740
600446144
800001199
600446617
600445168
600446076
600446881
600447097
600445994
600445526
600446788
600446424
600445898
600446872
600446731
600445728
600446548
600445546
600445149
600446067
600447244
600447126
600445755
600447249
600446350
600446706
600446632
600445438
600445691
600445671
600446403
600446769
600445154
600446012
600446295
600445147
600445148
600447257
600446110
600446020
600447178
600445346
600446121
600446037
600447152
600445703
600445271
600446773
600445360
600445123
600445895
600445425
600446898
800001197
600446594
600446326
600446960
600446222
600446347
600447023
800001232
800001213
600446041
600445406
600447198
600445564
600446862
600446470
600445158
600446239
600446049
600446665
600445132
600446139
600445734
600446395
600446279
600445955
600446550
600446783
600445953
600445710
600446951
600445785
600446463
600446480
600446031
600445893
600446423
600446177
800001211
800001233
600446921
600446774
600445531
600445299
600446988
600446997
600445319
600446777
600445682
600447027
600446792
600446161
800001231
600445576
600445361
600446496
600447256
600445896
600445956
600446565
600446717
600446940
600445724
600446739
600446021
600445642
600446704
600445649
600446614
600445907
600445186
600445919
600446456
600445181
600446357
600446333
600447243
600445185
800001168
600446751
600446289
600445861
600446191
600445180
600445417
600445177
600445294
600446570
600445134
600447040
600446791
600446521
600445304
600446692
600446116
600445886
600445722
600446577
600445176
600446955
800001212
600445997
600445612
600446048
600446798
600446236
600445156
600445888
600446394
600446394
600445282
600446105
600446345
600446655
600446380
600447090
600446034
600447043
600447082
600447174
600446836
600447213
800001224
600447234
600445276
600445482
600447264
600446112
600447021
600447072
600446515
600446035
600445144
600446164
600446566
600445751
600445697
600446494
600447099
600446510
600445579
600446402
600446724
600445400
800001247
600447124
600446461
600445920
600446954
600447037
800001160
600446730
600445397
600445688
600446194
600445860
600446721
600446142
600445307
600445831
600446873
600446647
600445314
600446096
600445812
600445634
600445384
600446136
600445415
600447029
600446888
600446829
600446485
600446162
600446129
600446971
600447102
600445565
600445114
600446871
600445488
600446216
600446930
600446240
600445437
600447237
600447188
600446434
600445578
600445449
600447007
600446291
600445268
800001159
600445145
600445858
600446669
600445904
600446072
600446557
600446869
600445484
600446719
600446719
600447157
600446119
600446309
600445752
600445752
600445646
600446950
600445668
600446711
600446711
600445676
600445597
600445356
600447008
600445335
600446233
600445663
600445146
600447153
600445929
600445680
600445534
800001178
600445131
600446234
600447228
600446920
600445445
600446628
600446448
600446894
600446107
800001210
600447087
600446166
600447232
800001228
600446787
600445317
600447139
600445630
600446852
600445430
600445635
600445111
600446198
600447134
600445718
600445572
600447024
600446764
600445273
600446401
600446018
600446989
600446453
600446271
600445841
600446586
600446341
800001152
600445784
600445700
600445982
600445909
600446220
600446064
600446242
600446364
600447006
600446609
600446532
600447138
600446174
600446339
600445677
600446438
800001155
800001250
600446725
600447009
600445486
600446413
600445782
800001153
600445954
600446520
600445723
600447205
600446133
600445658
600446454
600446454
600445632
600446331
600447121
600446083
600446900
600445582
600445127
800001192
600445377
600446462
600445433
600446435
600445359
600446786
600446805
600446204
600445456
600447070
600445805
600446589
600446511
600447191
600445665
600446885
600446545
600447067
600446316
600447222
600445128
600446358
600445492
600447246
600445819
600446153
600445638
600446640
600446627
600446540
600445737
600446440
600446440
600446115
600445910
600446251
600446439
600445736
600447125
600445477
600446097
600446241
600445468
600445786
600445593
600445714
600446029
600445491
600446748
600445302
800001184
800001206
600445112
600447166
600445795
600446157
600445414
600445832
600447219
600445986
600447169
600445774
600447069
600446280
600445122
600447061
600447231
600445949
600445976
600445423
600445687
600446584
600445496
600446841
600446069
600446088
600445504
600446568
600446677
600445556
600447034
600445161
600447185
800001158
600446861
600446701
600446827
600445292
600445292
600445749
800001241
600446090
600446360
600445150
600446322
600445686
600446826
600446487
600445787
600447235
600445443
600446415
600446608
600445420
800001234
600445164
600445474
600445498
600445435
600445844
600445854
800001200
600446323
600445624
600447160
600446410
600445369
800001223
600446131
600446476
600445827
600446156
600446261
600445478
600445918
600445523
600445627
600445403
600446981
600445733
600445160
600445167
600446060
600446493
600445117
600446903
600446790
600446718
600447260
600447136
600447132
600445508
600446720
600446455
600446905
600445311
600446531
600446513
600446079
600446426
800001190
600446995
600445312
600446932
600447083
600446902
600445775
600445520
600445951
600445824
600446635
600447113
600445142
600446518
600446737
600445364
600446321
600445279
800001172
600446797
600445731
600447226
600445588
800001215
600446658
600446675
600446755
600446847
600445336
600446820
600445701
600446308
600446672
600446058
600446638
600445182
600445324
600445324
600445383
600446187
600446091
600446744
600446744
600446126
600445905
600445905
600446019
600446188
600445802
600446481
600445457
600445606
600446269
600447146
600445143
600445118
600445183
600446080
600445125
600446734
600446411
600445717
600445432
600446877
600445357
600445135
600445873
600446543
600446285
600445623
600446683
600446145
600446952
600445629
600446919
600445411
600446451
600447163
600446973
600446815
600446938
600445447
800001189
600446753
600446814
600445399
600445847
600447115
600445469
600446803
600446232
600446595
600446641
600446428
600445868
600446219
600445739
600445376
600445490
600447085
600447209
600445395
600445290
800001230
600446519
600445610
600445529
600446699
600445931
600446386
600445604
600447227
600446104
600446299
600446546
600446472
600446914
600446657
600445990
600445808
600445494
600445616
800001227
600446400
600446639
600445355
600446078
600446917
600446806
600446213
600446889
600445641
600445706
600447053
600445499
600447096
600445754
600446010
600445269
600445151
600447042
600445178
600447207
600445781
800001239
600445387
800001164
600446128
600445829
600445119
800001237
600446376
600445639
600445925
600444374
600444374
600444407
600444548
600444628
600444868
600444671
600444352
600444572
600444474
600444180
600444379
600444373
600444462
600444173
600444375
600444596
600444295
600444910
600444954
600444941
600444687
600444164
600444743
600444206
600444774
600444936
600444810
600444539
600444207
600444848
600444327
800001141
600444300
600444273
600444215
600444891
600444881
600444255
600444816
600444528
600444860
600444163
600444761
600444400
600444346
600444566
600444281
600444371
600444727
600444872
600444944
600444381
600444598